CLOSENESS CENTRALITY MEASURES
--------------------------------------------------------------------------------

Input network dataset:                  sna-matrix (C:\Users\samet\Desktop\YL Veri Analitiği\2. Dönem\Sosyal Ağ Analizi\sna-matrix
Output measures:                        sna-matrix-clo (C:\Users\samet\Documents\UCINET data\sna-matrix-clo
(Freeman) Set undefined distances to:   Max observed distance plus 1
(Freeman) Output options:               Divide totals into N-1 (Freeman normalization)
(Valente-Forman) Handle undefined distances:Set reverse distance to zero
(Valente-Forman) Output options:        Divide averages by diameter
(Reciprocal) Handle undefined distances:Set reciprocal distance to zero
(Reciprocal) Output options:            Averages



                                 1     2     3     4     5     6 
                             OutClose InClose OutValClo InValClo OutRecipClo InRecipClo    
                             ----- ----- ----- ----- ----- ----- 
    1                Aegnor  0.361 0.362 0.747 0.748 0.399 0.400 
    2                Alatar  0.374 0.374 0.761 0.761 0.408 0.408 
    3          Tar-Aldarion  0.332 0.332 0.712 0.712 0.351 0.351 
    4                 Amdir  0.295 0.294 0.658 0.657 0.315 0.315 
    5                 Amras  0.330 0.329 0.709 0.708 0.381 0.380 
    6                 Amrod  0.330 0.329 0.709 0.708 0.381 0.380 
    7                Amroth  0.228 0.227 0.516 0.514 0.238 0.238 
    8                Anaire  0.318 0.318 0.693 0.693 0.360 0.360 
    9               Anarion  0.275 0.274 0.624 0.622 0.296 0.295 
   10                Anborn  0.275 0.276 0.624 0.625 0.297 0.297 
   11             Ancalagon  0.318 0.317 0.693 0.692 0.349 0.348 
   12                Angbor  0.301 0.301 0.669 0.669 0.325 0.326 
   13                Angrod  0.387 0.371 0.774 0.758 0.424 0.406 
   14            Aragorn-II  0.431 0.431 0.811 0.811 0.508 0.510 
   15                Aratan  0.275 0.274 0.623 0.621 0.295 0.294 
   16           Arathorn-II  0.326 0.323 0.704 0.701 0.356 0.354 
   17               Aredhel  0.358 0.358 0.744 0.744 0.404 0.404 
   18                 Argon  0.316 0.316 0.690 0.690 0.355 0.355 
   19                 Arien  0.310 0.310 0.683 0.682 0.333 0.333 
   20                 Arwen  0.384 0.387 0.771 0.774 0.433 0.437 
   21                  Aule  0.395 0.395 0.782 0.781 0.461 0.460 
   22               Azaghal  0.273 0.295 0.620 0.659 0.301 0.318 
   23                  Azog  0.250 0.249 0.571 0.569 0.276 0.275 
   24         Bilbo-Baggins  0.398 0.400 0.784 0.786 0.464 0.467 
   25         Frodo-Baggins  0.409 0.409 0.794 0.793 0.476 0.478 
   26                 Balin  0.338 0.334 0.720 0.715 0.404 0.398 
   27              Baragund  0.273 0.270 0.619 0.615 0.300 0.299 
   28               Barahir  0.334 0.333 0.715 0.714 0.366 0.366 
   29                 Baran  0.231 0.231 0.524 0.523 0.243 0.243 
   30       Bard-the-Bowman  0.306 0.308 0.677 0.679 0.336 0.338 
   31                 Beleg  0.320 0.323 0.696 0.701 0.369 0.372 
   32              Belegund  0.283 0.280 0.638 0.633 0.311 0.309 
   33                  Beor  0.300 0.299 0.666 0.666 0.326 0.326 
   34                 Beorn  0.332 0.331 0.713 0.712 0.393 0.393 
   35                 Beren  0.384 0.382 0.771 0.769 0.433 0.432 
   36                 Bifur  0.331 0.330 0.712 0.710 0.389 0.390 
   37                 Bofur  0.331 0.330 0.712 0.710 0.389 0.390 
   38                  Bolg  0.200 0.199 0.429 0.427 0.213 0.213 
   39       Fredegar-Bolger  0.305 0.305 0.674 0.674 0.343 0.343 
   40                Bombur  0.331 0.330 0.712 0.710 0.389 0.390 
   41                   Bor  0.262 0.285 0.597 0.642 0.285 0.304 
   42                 Borin  0.198 0.198 0.423 0.420 0.210 0.210 
   43               Boromir  0.390 0.389 0.777 0.775 0.442 0.441 
   44                 Brand  0.210 0.209 0.463 0.461 0.228 0.227 
   45               Brandir  0.246 0.246 0.561 0.562 0.276 0.276 
   46   Meriadoc-Brandybuck  0.395 0.375 0.782 0.762 0.456 0.441 
   47              Bregolas  0.301 0.291 0.668 0.652 0.327 0.318 
   48                Brodda  0.241 0.241 0.549 0.550 0.261 0.262 
   49    Barliman-Butterbur  0.328 0.328 0.707 0.707 0.370 0.371 
   50             Caranthir  0.331 0.330 0.712 0.710 0.385 0.384 
   51            Carcharoth  0.324 0.323 0.703 0.701 0.367 0.367 
   52              Celeborn  0.395 0.393 0.781 0.780 0.446 0.445 
   53             Celebrian  0.319 0.317 0.695 0.692 0.348 0.346 
   54           Celebrimbor  0.403 0.403 0.788 0.788 0.443 0.443 
   55              Celegorm  0.337 0.336 0.719 0.718 0.398 0.398 
   56                Cirdan  0.476 0.476 0.843 0.843 0.529 0.529 
   57          Tar-Ciryatan  0.223 0.250 0.502 0.571 0.233 0.262 
   58                Ciryon  0.275 0.274 0.623 0.621 0.295 0.294 
   59           Rose-Cotton  0.284 0.283 0.639 0.638 0.304 0.303 
   60               Curufin  0.346 0.346 0.730 0.730 0.411 0.411 
   61      Dain-II-Ironfoot  0.266 0.265 0.605 0.603 0.304 0.302 
   62                Deagol  0.273 0.274 0.620 0.621 0.291 0.291 
   63           Denethor-II  0.366 0.366 0.753 0.753 0.406 0.406 
   64                  Dior  0.324 0.323 0.702 0.701 0.368 0.367 
   65                  Dori  0.331 0.330 0.712 0.710 0.389 0.390 
   66                Dorlas  0.241 0.241 0.550 0.551 0.266 0.267 
   67             Draugluin  0.350 0.349 0.735 0.734 0.382 0.381 
   68                Duilin  0.286 0.286 0.644 0.644 0.306 0.306 
   69                 Durin  0.284 0.283 0.639 0.639 0.306 0.305 
   70              Durin-VI  0.283 0.282 0.637 0.637 0.299 0.299 
   71          Durin's-Bane  0.393 0.392 0.780 0.779 0.440 0.439 
   72                Dwalin  0.331 0.330 0.712 0.710 0.389 0.390 
   73              Earendil  0.389 0.389 0.775 0.775 0.453 0.453 
   74                Earwen  0.354 0.355 0.740 0.740 0.389 0.390 
   75             Ecthelion  0.354 0.354 0.740 0.740 0.396 0.396 
   76              Eiliniel  0.327 0.326 0.705 0.704 0.349 0.348 
   77              Eldarion  0.302 0.304 0.670 0.672 0.328 0.330 
   78             Elemmakil  0.292 0.291 0.653 0.652 0.319 0.319 
   79               Elendil  0.375 0.373 0.762 0.760 0.410 0.409 
   80               Elendur  0.275 0.274 0.623 0.621 0.295 0.294 
   81                Elenwe  0.288 0.288 0.646 0.646 0.310 0.310 
   82               Elladan  0.327 0.326 0.705 0.704 0.360 0.360 
   83                  Elmo  0.289 0.290 0.649 0.650 0.312 0.312 
   84               Elrohir  0.327 0.326 0.705 0.704 0.360 0.360 
   85                Elrond  0.457 0.451 0.830 0.826 0.525 0.519 
   86                 Elros  0.361 0.314 0.747 0.688 0.397 0.349 
   87                Elwing  0.359 0.359 0.745 0.745 0.390 0.390 
   88                   Eol  0.284 0.284 0.639 0.639 0.312 0.312 
   89                 Eomer  0.331 0.332 0.712 0.712 0.388 0.389 
   90                 Eonwe  0.392 0.392 0.779 0.778 0.460 0.460 
   91               Eothain  0.249 0.249 0.569 0.570 0.271 0.271 
   92                 Eowyn  0.331 0.332 0.712 0.712 0.386 0.387 
   93            Erkenbrand  0.321 0.320 0.698 0.696 0.358 0.357 
   94          Eru-Iluvatar  0.414 0.414 0.798 0.797 0.479 0.479 
   95                  Este  0.375 0.395 0.762 0.782 0.442 0.459 
   96               Faramir  0.330 0.330 0.710 0.710 0.379 0.380 
   97                Feanor  0.427 0.426 0.808 0.808 0.510 0.510 
   98            Bill-Ferny  0.281 0.280 0.634 0.633 0.297 0.297 
   99                  Fili  0.331 0.330 0.711 0.710 0.387 0.390 
  100              Finarfin  0.416 0.417 0.799 0.800 0.496 0.497 
  101                Findis  0.315 0.315 0.690 0.690 0.352 0.354 
  102             Finduilas  0.309 0.309 0.680 0.680 0.339 0.339 
  103             Fingolfin  0.430 0.431 0.810 0.811 0.516 0.517 
  104                Fingon  0.392 0.392 0.778 0.779 0.434 0.435 
  105       Finrod-Felagund  0.408 0.406 0.793 0.791 0.454 0.452 
  106                 Finwe  0.374 0.373 0.761 0.760 0.445 0.444 
  107             Galadriel  0.458 0.458 0.831 0.831 0.515 0.517 
  108    Galdor-of-Gondolin  0.291 0.291 0.652 0.652 0.317 0.317 
  109        Samwise-Gamgee  0.395 0.394 0.782 0.780 0.456 0.455 
  110               Gamling  0.244 0.242 0.556 0.554 0.259 0.259 
  111               Gandalf  0.462 0.458 0.834 0.831 0.556 0.554 
  112             Gil-galad  0.399 0.398 0.785 0.784 0.446 0.445 
  113      Gildor-Inglorion  0.392 0.390 0.778 0.777 0.434 0.433 
  114                 Gimli  0.387 0.385 0.773 0.772 0.446 0.445 
  115              Glaurung  0.332 0.332 0.712 0.712 0.374 0.374 
  116                 Gloin  0.359 0.357 0.745 0.742 0.423 0.422 
  117            Glorfindel  0.426 0.424 0.808 0.806 0.476 0.476 
  118             Goldberry  0.303 0.299 0.672 0.666 0.335 0.328 
  119                Gollum  0.375 0.376 0.762 0.763 0.421 0.422 
  120                Gorlim  0.272 0.271 0.617 0.615 0.291 0.290 
  121               Gothmog  0.357 0.356 0.742 0.742 0.394 0.394 
  122              Grimbold  0.251 0.251 0.573 0.574 0.277 0.278 
  123               Gwaihir  0.366 0.364 0.753 0.750 0.398 0.396 
  124               Gwindor  0.262 0.262 0.598 0.598 0.291 0.291 
  125                 Hador  0.301 0.301 0.668 0.669 0.327 0.328 
  126      Haldir-of-Lorien  0.343 0.344 0.726 0.727 0.382 0.383 
  127                Haleth  0.249 0.249 0.569 0.568 0.270 0.270 
  128                  Hama  0.327 0.327 0.705 0.705 0.371 0.371 
  129               Herumor  0.321 0.320 0.698 0.697 0.342 0.341 
  130                  Huan  0.371 0.369 0.758 0.756 0.416 0.414 
  131                  Huor  0.308 0.308 0.679 0.679 0.342 0.342 
  132                 Hurin  0.343 0.342 0.727 0.725 0.401 0.400 
  133                 Idril  0.310 0.310 0.682 0.682 0.346 0.346 
  134                Ilmare  0.306 0.305 0.676 0.674 0.331 0.330 
  135               Imrahil  0.327 0.327 0.705 0.705 0.369 0.370 
  136                 Indis  0.308 0.308 0.679 0.679 0.346 0.344 
  137                 Ingwe  0.329 0.328 0.709 0.707 0.359 0.358 
  138                 Irime  0.315 0.314 0.689 0.688 0.351 0.351 
  139                  Irmo  0.435 0.433 0.815 0.813 0.492 0.490 
  140               Isildur  0.377 0.375 0.764 0.762 0.419 0.418 
  141                Khamul  0.326 0.325 0.705 0.703 0.349 0.348 
  142                  Kili  0.331 0.330 0.712 0.710 0.389 0.390 
  143               Legolas  0.390 0.389 0.777 0.775 0.447 0.446 
  144               Luthien  0.376 0.375 0.763 0.762 0.423 0.422 
  145               Mablung  0.335 0.339 0.717 0.722 0.390 0.393 
  146              Maedhros  0.354 0.398 0.739 0.784 0.418 0.454 
  147               Maeglin  0.329 0.328 0.708 0.707 0.373 0.372 
  148                Maglor  0.369 0.376 0.756 0.763 0.414 0.421 
  149                 Manwe  0.436 0.432 0.815 0.813 0.500 0.496 
  150                Melian  0.371 0.370 0.758 0.757 0.418 0.418 
  151              Meneldil  0.274 0.273 0.622 0.620 0.292 0.291 
  152                   Mim  0.310 0.310 0.682 0.681 0.340 0.340 
  153          Tar-Minastir  0.287 0.332 0.644 0.713 0.305 0.358 
  154                Miriel  0.304 0.304 0.673 0.672 0.332 0.332 
  155               Morgoth  0.432 0.431 0.813 0.811 0.512 0.510 
  156                Morwen  0.317 0.317 0.692 0.692 0.369 0.370 
  157                  Namo  0.395 0.395 0.782 0.781 0.461 0.460 
  158                 Narvi  0.288 0.288 0.646 0.646 0.303 0.303 
  159              Nerdanel  0.320 0.320 0.697 0.696 0.364 0.363 
  160                 Nessa  0.390 0.390 0.777 0.776 0.453 0.452 
  161                Nienna  0.428 0.426 0.809 0.808 0.485 0.484 
  162                Nienor  0.273 0.275 0.619 0.624 0.319 0.320 
  163                  Nori  0.298 0.298 0.663 0.664 0.348 0.349 
  164                   Oin  0.298 0.298 0.663 0.663 0.348 0.346 
  165                  Olwe  0.355 0.355 0.740 0.740 0.385 0.385 
  166                   Ori  0.298 0.298 0.663 0.664 0.348 0.349 
  167              Orodreth  0.348 0.348 0.733 0.733 0.375 0.375 
  168                 Orome  0.403 0.402 0.788 0.788 0.474 0.474 
  169               Oropher  0.314 0.313 0.688 0.686 0.339 0.339 
  170                  Osse  0.354 0.353 0.739 0.738 0.382 0.381 
  171              Pallando  0.374 0.374 0.761 0.761 0.408 0.408 
  172          Tar-Palantir  0.215 0.214 0.479 0.477 0.224 0.224 
  173           Ar-Pharazon  0.274 0.273 0.621 0.619 0.290 0.289 
  174              Radagast  0.376 0.376 0.763 0.763 0.412 0.412 
  175                  Rian  0.285 0.284 0.641 0.640 0.316 0.316 
  176                 Sador  0.264 0.264 0.602 0.602 0.298 0.298 
  177                Saeros  0.295 0.295 0.659 0.659 0.323 0.323 
  178               Saruman  0.390 0.388 0.776 0.775 0.435 0.434 
  179                Sauron  0.473 0.471 0.841 0.839 0.544 0.541 
  180                Shelob  0.305 0.304 0.674 0.673 0.330 0.330 
  181                 Smaug  0.344 0.344 0.727 0.727 0.372 0.373 
  182               Theoden  0.332 0.333 0.713 0.714 0.387 0.389 
  183              Theodred  0.253 0.253 0.578 0.579 0.285 0.286 
  184               Thingol  0.396 0.397 0.782 0.783 0.451 0.452 
  185 Thorin-II-Oakenshield  0.301 0.301 0.668 0.668 0.354 0.354 
  186             Thorondor  0.369 0.367 0.755 0.754 0.417 0.416 
  187             Thrain-II  0.325 0.323 0.703 0.701 0.362 0.361 
  188             Thranduil  0.344 0.344 0.727 0.727 0.415 0.416 
  189                 Thror  0.247 0.246 0.565 0.563 0.269 0.269 
  190                Tilion  0.288 0.287 0.646 0.646 0.311 0.310 
  191          Tom-Bombadil  0.366 0.364 0.753 0.750 0.411 0.411 
  192         Peregrin-Took  0.375 0.375 0.762 0.762 0.431 0.433 
  193             Treebeard  0.303 0.293 0.671 0.656 0.330 0.317 
  194                Tulkas  0.390 0.390 0.777 0.776 0.453 0.452 
  195                  Tuor  0.358 0.357 0.744 0.743 0.406 0.405 
  196                Turgon  0.400 0.400 0.786 0.786 0.458 0.458 
  197                 Turin  0.316 0.317 0.691 0.692 0.372 0.372 
  198                 Uinen  0.293 0.293 0.655 0.655 0.318 0.318 
  199                  Ulmo  0.413 0.413 0.797 0.797 0.485 0.485 
  200             Ungoliant  0.309 0.308 0.680 0.679 0.335 0.335 
  201                 Urwen  0.264 0.264 0.601 0.601 0.296 0.296 
  202                 Vaire  0.390 0.369 0.777 0.756 0.453 0.435 
  203              Valandil  0.274 0.273 0.622 0.620 0.290 0.289 
  204                  Vana  0.397 0.396 0.783 0.782 0.462 0.461 
  205                 Varda  0.429 0.427 0.810 0.808 0.488 0.486 
  206               Voronwe  0.292 0.291 0.653 0.652 0.319 0.319 
  207  Witch-King-of-Angmar  0.353 0.352 0.738 0.737 0.390 0.389 
  208            Wormtongue  0.350 0.347 0.734 0.731 0.393 0.391 
  209               Yavanna  0.401 0.400 0.786 0.786 0.464 0.464 


209 rows, 6 columns, 1 levels.


--------------------------------------
Running time: 00:00:01 seconds.
Output generated: 24 Jan 25 16:26:44
UCINET 6.800 Copyright (c) 2002-2023 Analytic Technologies
