MULTIPLE CENTRALITY MEASURES
--------------------------------------------------------------------------------

Input dataset:                          sna-matrix (C:\Users\samet\Desktop\YL Veri Analitiği\2. Dönem\Sosyal Ağ Analizi\sna-matrix
Output dataset:                         sna-matrix-cent (C:\Users\samet\Documents\UCINET data\sna-matrix-cent
Treat data as:                          Undirected
For valued data:                        Use tie strengths when possible
Type of scores to output:               Raw scores
Undefined dist in closeness:            replace with max dist + 1


Principal eigenvalue was:               23.1131454256373


Centrality Measures

                                                1                    2                    3                    4                    5                    6                    7                    8                    9 
                                           Degree               2local                2Step                  ARD            Closeness          Eigenvector              Between             2StepBet            kCoreness 
                             -------------------- -------------------- -------------------- -------------------- -------------------- -------------------- -------------------- -------------------- -------------------- 
    1                Aegnor                 8.000              173.000               75.000               83.133              575.000                0.036               84.000                5.333                6.000 
    2                Alatar                 7.000              159.000               84.000               84.917              556.000                0.030               13.942                0.917                7.000 
    3          Tar-Aldarion                 2.000               43.000               35.000               72.933              627.000                0.005                0.000                0.000                2.000 
    4                 Amdir                 3.000               19.000               17.000               65.633              705.000                0.001              207.000                2.000                2.000 
    5                 Amras                11.000              209.000               64.000               79.217              631.000                0.043               50.002                4.841                9.000 
    6                 Amrod                11.000              209.000               64.000               79.217              631.000                0.043               50.002                4.841                9.000 
    7                Amroth                 1.000                3.000                3.000               49.560              912.000                0.000                0.000                0.000                1.000 
    8                Anaire                 6.000               94.000               59.000               74.817              655.000                0.014               10.688                3.250                5.000 
    9               Anarion                 3.000               20.000               12.000               61.633              754.000                0.002                1.500                0.500                2.000 
   10                Anborn                 2.000               20.000               14.000               62.033              751.000                0.002                0.000                0.000                2.000 
   11             Ancalagon                 3.000               71.000               48.000               72.500              655.000                0.018                0.341                0.059                3.000 
   12                Angbor                 1.000               36.000               36.000               67.967              687.000                0.002                0.000                0.000                1.000 
   13                Angrod                 9.000              142.000               94.000               88.317              536.000                0.020              250.781               13.833                6.000 
   14            Aragorn-II                36.000              558.000              122.000              106.500              480.000                0.052             1121.223              222.184               12.000 
   15                Aratan                 3.000               17.000               11.000               61.383              756.000                0.001                0.000                0.000                3.000 
   16           Arathorn-II                 4.000               81.000               48.000               74.133              638.000                0.006                0.000                0.000                4.000 
   17               Aredhel                11.000              153.000               76.000               83.967              581.000                0.021              145.387               18.283                6.000 
   18                 Argon                 5.000               88.000               57.000               73.900              659.000                0.013                0.000                0.000                5.000 
   19                 Arien                 2.000               50.000               32.000               69.317              669.000                0.017                0.000                0.000                2.000 
   20                 Arwen                17.000              357.000               93.000               91.750              533.000                0.028              192.123               27.177               12.000 
   21                  Aule                24.000              615.000              100.000               96.017              525.000                0.198              271.077               33.102               19.000 
   22               Azaghal                 2.000               26.000               25.000               66.233              704.000                0.003                4.386                0.500                2.000 
   23                  Azog                 4.000               15.000               11.000               57.400              831.000                0.000              214.606                4.333                2.000 
   24         Bilbo-Baggins                26.000              481.000              100.000               97.417              517.000                0.033             1122.491              114.285               14.000 
   25         Frodo-Baggins                28.000              494.000              107.000               99.750              506.000                0.042              462.433               79.572               12.000 
   26                 Balin                19.000              331.000               69.000               84.333              612.000                0.018              216.624               22.994               14.000 
   27              Baragund                 4.000               28.000               23.000               62.467              763.000                0.001               44.203                3.500                3.000 
   28               Barahir                 7.000               57.000               43.000               76.167              622.000                0.005              285.333               14.667                4.000 
   29                 Baran                 1.000                4.000                4.000               50.629              900.000                0.000                0.000                0.000                1.000 
   30       Bard-the-Bowman                 5.000               72.000               34.000               70.417              674.000                0.003               58.077                2.250                4.000 
   31                 Beleg                11.000              134.000               55.000               77.550              642.000                0.015              154.190               18.283                7.000 
   32              Belegund                 4.000               29.000               23.000               64.733              735.000                0.001               28.562                4.000                4.000 
   33                  Beor                 4.000               37.000               25.000               67.883              693.000                0.006              210.397                4.000                3.000 
   34                 Beorn                17.000              313.000               62.000               82.000              623.000                0.017               36.639                9.910               14.000 
   35                 Beren                15.000              242.000               91.000               90.100              542.000                0.045              222.354               28.705                8.000 
   36                 Bifur                16.000              306.000               61.000               81.333              625.000                0.016               16.154                0.577               14.000 
   37                 Bofur                16.000              306.000               61.000               81.333              625.000                0.016               16.154                0.577               14.000 
   38                  Bolg                 1.000                4.000                4.000               44.362             1038.000                0.000                0.000                0.000                1.000 
   39       Fredegar-Bolger                 5.000              122.000               51.000               71.617              679.000                0.008                3.036                0.562                5.000 
   40                Bombur                16.000              306.000               61.000               81.333              625.000                0.016               16.154                0.577               14.000 
   41                   Bor                 1.000               19.000               19.000               63.333              729.000                0.002                0.000                0.000                1.000 
   42                 Borin                 1.000                3.000                3.000               43.738             1047.000                0.000                0.000                0.000                1.000 
   43               Boromir                17.000              386.000               95.000               92.000              532.000                0.032               42.439                8.385               12.000 
   44                 Brand                 1.000                6.000                6.000               47.457              987.000                0.000                0.000                0.000                1.000 
   45               Brandir                 4.000               40.000               20.000               57.462              846.000                0.001                2.971                0.333                3.000 
   46   Meriadoc-Brandybuck                24.000              418.000               94.000               95.500              524.000                0.035              277.542               45.187               12.000 
   47              Bregolas                 5.000               32.000               20.000               68.000              691.000                0.003               68.313                5.500                4.000 
   48                Brodda                 1.000               13.000               13.000               54.412              863.000                0.000                0.000                0.000                1.000 
   49    Barliman-Butterbur                 7.000              192.000               65.000               77.283              633.000                0.015                1.472                0.244                7.000 
   50             Caranthir                12.000              214.000               66.000               80.050              628.000                0.043              216.014               13.258                9.000 
   51            Carcharoth                 8.000              124.000               56.000               76.383              641.000                0.020               12.810                2.126                7.000 
   52              Celeborn                17.000              365.000               99.000               92.833              526.000                0.029              240.431               25.539               12.000 
   53             Celebrian                 5.000               79.000               38.000               72.600              651.000                0.006                1.093                0.750                5.000 
   54           Celebrimbor                10.000              237.000              115.000               92.150              516.000                0.035              344.819               16.583                7.000 
   55              Celegorm                15.000              275.000               74.000               82.883              617.000                0.057               52.675               16.625                9.000 
   56                Cirdan                28.000              517.000              162.000              110.083              437.000                0.081             2274.620              190.300               11.000 
   57          Tar-Ciryatan                 1.000                3.000                3.000               54.500              832.000                0.000                0.000                0.000                1.000 
   58                Ciryon                 3.000               17.000               11.000               61.383              756.000                0.001                0.000                0.000                3.000 
   59           Rose-Cotton                 1.000               23.000               23.000               63.267              732.000                0.002                0.000                0.000                1.000 
   60               Curufin                18.000              279.000               75.000               85.433              601.000                0.052              207.297               51.708                9.000 
   61      Dain-II-Ironfoot                 6.000               66.000               29.000               63.417              780.000                0.002              254.553                8.250                4.000 
   62                Deagol                 1.000               10.000               10.000               60.783              757.000                0.001                0.000                0.000                1.000 
   63           Denethor-II                 7.000              185.000               91.000               84.850              565.000                0.021               19.251                1.967                7.000 
   64                  Dior                 9.000              130.000               53.000               76.550              642.000                0.018               55.953               12.867                8.000 
   65                  Dori                16.000              306.000               61.000               81.333              625.000                0.016               16.154                0.577               14.000 
   66                Dorlas                 3.000               28.000               16.000               55.445              862.000                0.000                0.000                0.000                3.000 
   67             Draugluin                 6.000              124.000               60.000               79.433              594.000                0.025                7.887                0.200                6.000 
   68                Duilin                 1.000               21.000               21.000               63.600              727.000                0.001                0.000                0.000                1.000 
   69                 Durin                 1.000               24.000               24.000               63.633              732.000                0.009                0.000                0.000                1.000 
   70              Durin-VI                 1.000               13.000               13.000               62.350              735.000                0.002                0.000                0.000                1.000 
   71          Durin's-Bane                13.000              341.000              106.000               91.583              528.000                0.043              349.117               25.469               12.000 
   72                Dwalin                16.000              306.000               61.000               81.333              625.000                0.016               16.154                0.577               14.000 
   73              Earendil                23.000              472.000               93.000               94.183              535.000                0.148              362.050               71.851               15.000 
   74                Earwen                 7.000              104.000               67.000               81.133              586.000                0.019               28.926                6.250                5.000 
   75             Ecthelion                 9.000              120.000               72.000               82.300              587.000                0.016              124.071               11.533                5.000 
   76              Eiliniel                 2.000               42.000               42.000               72.800              636.000                0.009               94.445                1.000                2.000 
   77              Eldarion                 2.000               53.000               38.000               68.933              682.000                0.004                0.000                0.000                2.000 
   78             Elemmakil                 4.000               47.000               26.000               66.433              713.000                0.003                0.000                0.000                4.000 
   79               Elendil                 7.000              131.000               88.000               85.517              554.000                0.017              511.941                8.100                5.000 
   80               Elendur                 3.000               17.000               11.000               61.383              756.000                0.001                0.000                0.000                3.000 
   81                Elenwe                 2.000               26.000               22.000               64.433              723.000                0.002                0.000                0.000                2.000 
   82               Elladan                 6.000              101.000               49.000               75.433              633.000                0.007                2.247                0.783                5.000 
   83                  Elmo                 2.000               24.000               23.000               64.933              718.000                0.003                5.760                0.500                2.000 
   84               Elrohir                 6.000              101.000               49.000               75.433              633.000                0.007                2.247                0.783                5.000 
   85                Elrond                33.000              601.000              145.000              109.250              455.000                0.063             1953.803              222.445               12.000 
   86                 Elros                 6.000              120.000               79.000               82.583              576.000                0.023               45.635                4.283                5.000 
   87                Elwing                 5.000              101.000               71.000               81.183              579.000                0.021               31.581                3.650                5.000 
   88                   Eol                 3.000               36.000               27.000               64.950              733.000                0.004                0.000                0.000                3.000 
   89                 Eomer                14.000              214.000               67.000               81.033              625.000                0.015              368.730               25.243                8.000 
   90                 Eonwe                25.000              621.000               97.000               95.850              529.000                0.200              101.826               27.241               19.000 
   91               Eothain                 1.000               14.000               14.000               56.500              832.000                0.001                0.000                0.000                1.000 
   92                 Eowyn                13.000              222.000               68.000               80.700              625.000                0.016               76.403               10.976                8.000 
   93            Erkenbrand                 5.000               82.000               55.000               74.533              646.000                0.006              231.196                4.250                4.000 
   94          Eru-Iluvatar                26.000              558.000              113.000               99.833              501.000                0.169              454.641               78.863               17.000 
   95                  Este                23.000              615.000              100.000               95.683              524.000                0.198               28.711                5.021               19.000 
   96               Faramir                10.000              192.000               67.000               79.117              628.000                0.015               61.257                9.293                7.000 
   97                Feanor                37.000              743.000              119.000              106.267              486.000                0.213              893.048              181.786               19.000 
   98            Bill-Ferny                 1.000               13.000               13.000               61.867              740.000                0.002                0.000                0.000                1.000 
   99                  Fili                16.000              306.000               61.000               81.333              625.000                0.016               16.154                0.577               14.000 
  100              Finarfin                34.000              700.000              112.000              103.350              499.000                0.202              585.175              139.061               19.000 
  101                Findis                 6.000              145.000               51.000               73.800              658.000                0.039                1.081                0.400                5.000 
  102             Finduilas                 5.000               46.000               33.000               70.467              674.000                0.002              120.927                4.000                4.000 
  103             Fingolfin                39.000              740.000              121.000              107.517              483.000                0.205             1284.572              288.961               19.000 
  104                Fingon                11.000              182.000              104.000               90.517              530.000                0.026              177.471               20.383                6.000 
  105       Finrod-Felagund                14.000              253.000              116.000               94.517              509.000                0.044              669.640               43.253                7.000 
  106                 Finwe                24.000              550.000               89.000               92.583              556.000                0.180              161.370               38.910               19.000 
  107             Galadriel                28.000              621.000              149.000              107.750              452.000                0.079             1669.267              158.616               12.000 
  108    Galdor-of-Gondolin                 3.000               43.000               26.000               65.933              714.000                0.003                0.000                0.000                3.000 
  109        Samwise-Gamgee                23.000              392.000               94.000               95.000              525.000                0.034              419.555               53.735               12.000 
  110               Gamling                 1.000                5.000                5.000               54.000              853.000                0.000                0.000                0.000                1.000 
  111               Gandalf                49.000              833.000              137.000              115.750              449.000                0.105             4059.003              612.149               14.000 
  112             Gil-galad                15.000              194.000              103.000               92.900              520.000                0.024              937.689               61.974                6.000 
  113      Gildor-Inglorion                12.000              307.000               99.000               90.417              530.000                0.027              238.127               11.515               10.000 
  114                 Gimli                21.000              389.000               90.000               92.900              537.000                0.030              158.583               23.234               12.000 
  115              Glaurung                 7.000               91.000               65.000               77.883              627.000                0.011              169.514               13.250                5.000 
  116                 Gloin                20.000              401.000               78.000               88.283              577.000                0.023              187.061               32.616               14.000 
  117            Glorfindel                19.000              426.000              127.000               99.250              487.000                0.041              961.187               64.274               12.000 
  118             Goldberry                 5.000              107.000               35.000               69.750              685.000                0.007                0.105                0.053                5.000 
  119                Gollum                10.000              236.000              101.000               88.183              550.000                0.023              408.201               16.769                7.000 
  120                Gorlim                 3.000               13.000               10.000               60.517              765.000                0.001               13.560                2.000                2.000 
  121               Gothmog                 6.000              132.000               79.000               82.083              582.000                0.029               41.838                5.589                5.000 
  122              Grimbold                 3.000               32.000               15.000               57.883              826.000                0.002                0.000                0.000                3.000 
  123               Gwaihir                 4.000              117.000               85.000               82.850              568.000                0.018               40.478                1.833                4.000 
  124               Gwindor                 3.000               32.000               23.000               60.586              793.000                0.001                2.674                0.500                3.000 
  125                 Hador                 1.000               39.000               39.000               68.183              690.000                0.009                0.000                0.000                1.000 
  126      Haldir-of-Lorien                 9.000              218.000               59.000               79.683              605.000                0.016                0.105                0.053                9.000 
  127                Haleth                 1.000               12.000               12.000               56.179              835.000                0.002                0.000                0.000                1.000 
  128                  Hama                 8.000              175.000               63.000               77.367              635.000                0.013                1.056                0.257                8.000 
  129               Herumor                 1.000               39.000               39.000               71.367              646.000                0.009                0.000                0.000                1.000 
  130                  Huan                12.000              220.000               81.000               86.433              561.000                0.042              110.255               10.319                8.000 
  131                  Huor                 5.000               63.000               41.000               71.233              675.000                0.005               20.852                2.833                4.000 
  132                 Hurin                13.000              160.000               80.000               83.383              606.000                0.019              521.188               42.069                5.000 
  133                 Idril                 5.000               66.000               46.000               71.983              671.000                0.010               21.165                2.750                4.000 
  134                Ilmare                 3.000               77.000               30.000               68.783              680.000                0.027                0.000                0.000                3.000 
  135               Imrahil                 7.000              163.000               64.000               77.033              635.000                0.012                2.499                0.698                7.000 
  136                 Indis                 6.000              112.000               45.000               71.983              675.000                0.031                7.533                2.367                5.000 
  137                 Ingwe                 4.000               77.000               49.000               74.583              632.000                0.021                9.727                1.083                4.000 
  138                 Irime                 5.000              122.000               50.000               73.133              660.000                0.031                0.822                0.200                5.000 
  139                  Irmo                24.000              663.000              129.000              102.250              478.000                0.202              221.246                8.277               19.000 
  140               Isildur                11.000              137.000               87.000               87.350              551.000                0.017             1119.441               37.600                5.000 
  141                Khamul                 2.000               45.000               42.000               72.783              637.000                0.010                0.000                0.000                2.000 
  142                  Kili                16.000              306.000               61.000               81.333              625.000                0.016               16.154                0.577               14.000 
  143               Legolas                20.000              383.000               93.000               93.117              532.000                0.029              192.416               21.349               12.000 
  144               Luthien                14.000              237.000               82.000               88.017              553.000                0.045              114.671               15.821                8.000 
  145               Mablung                11.000              161.000               76.000               81.883              611.000                0.020              247.572               18.750                7.000 
  146              Maedhros                19.000              293.000              104.000               94.517              522.000                0.051              770.009               81.558                9.000 
  147               Maeglin                 7.000              107.000               67.000               77.550              633.000                0.016               75.862                8.893                5.000 
  148                Maglor                12.000              225.000               87.000               87.600              553.000                0.046              134.675               11.167                9.000 
  149                 Manwe                28.000              688.000              130.000              104.083              477.000                0.206              503.124               72.742               19.000 
  150                Melian                13.000              228.000               83.000               87.167              560.000                0.049              302.839               27.150                8.000 
  151              Meneldil                 2.000               14.000               11.000               60.883              757.000                0.001                0.000                0.000                2.000 
  152                   Mim                 4.000               54.000               38.000               70.883              670.000                0.004               16.461                1.417                4.000 
  153          Tar-Minastir                 3.000               55.000               49.000               74.717              625.000                0.010              207.000                2.000                2.000 
  154                Miriel                 2.000               61.000               40.000               69.133              683.000                0.018                0.000                0.000                2.000 
  155               Morgoth                36.000              691.000              121.000              106.400              481.000                0.206             1312.577              264.260               19.000 
  156                Morwen                13.000              107.000               50.000               76.900              656.000                0.007              514.059               42.900                5.000 
  157                  Namo                24.000              630.000              100.000               96.017              525.000                0.199               39.145               12.836               19.000 
  158                 Narvi                 1.000               10.000               10.000               62.933              723.000                0.002                0.000                0.000                1.000 
  159              Nerdanel                 8.000              135.000               54.000               75.633              649.000                0.025                0.000                0.000                8.000 
  160                 Nessa                22.000              603.000               97.000               94.350              532.000                0.196                9.220                0.852               19.000 
  161                Nienna                23.000              651.000              126.000              100.917              486.000                0.200              167.013                3.608               19.000 
  162                Nienor                 8.000               71.000               31.000               66.636              756.000                0.003               58.122                5.117                5.000 
  163                  Nori                14.000              244.000               35.000               72.867              693.000                0.011                0.000                0.000               14.000 
  164                   Oin                14.000              244.000               35.000               72.867              693.000                0.011                0.000                0.000               14.000 
  165                  Olwe                 5.000              104.000               66.000               80.183              586.000                0.024               66.372                4.333                4.000 
  166                   Ori                14.000              244.000               35.000               72.867              693.000                0.011                0.000                0.000               14.000 
  167              Orodreth                 5.000               73.000               52.000               78.100              597.000                0.006              147.312                3.167                4.000 
  168                 Orome                28.000              658.000              103.000               98.767              515.000                0.205              377.066               73.428               19.000 
  169               Oropher                 3.000               40.000               37.000               70.633              662.000                0.002               63.190                1.500                2.000 
  170                  Osse                 4.000               96.000               64.000               79.433              588.000                0.023               33.287                1.200                3.000 
  171              Pallando                 7.000              159.000               84.000               84.917              556.000                0.030               13.942                0.917                7.000 
  172          Tar-Palantir                 1.000                2.000                2.000               46.695              966.000                0.000                0.000                0.000                1.000 
  173           Ar-Pharazon                 2.000                8.000                8.000               60.467              759.000                0.001              207.000                1.000                1.000 
  174              Radagast                 8.000              171.000               86.000               85.750              553.000                0.030               37.680                4.810                7.000 
  175                  Rian                 4.000               35.000               29.000               65.733              731.000                0.002               33.434                3.000                4.000 
  176                 Sador                 4.000               50.000               25.000               62.036              788.000                0.002                0.000                0.000                4.000 
  177                Saeros                 3.000               46.000               31.000               67.183              704.000                0.003                0.000                0.000                3.000 
  178               Saruman                13.000              248.000               99.000               90.583              533.000                0.037              316.780               28.077                8.000 
  179                Sauron                39.000              760.000              152.000              113.667              439.000                0.195             2907.095              382.362               17.000 
  180                Shelob                 3.000               53.000               31.000               68.733              682.000                0.004               38.079                2.000                2.000 
  181                 Smaug                 3.000               67.000               63.000               77.717              603.000                0.011              104.763                2.000                3.000 
  182               Theoden                13.000              220.000               69.000               80.950              623.000                0.016              191.909               13.626                8.000 
  183              Theodred                 5.000               48.000               18.000               59.550              819.000                0.002                2.109                0.917                4.000 
  184               Thingol                19.000              266.000              100.000               94.017              524.000                0.041             1069.426               85.308                8.000 
  185 Thorin-II-Oakenshield                15.000              232.000               38.000               74.033              687.000                0.011               57.041               11.500               12.000 
  186             Thorondor                12.000              192.000               87.000               86.750              564.000                0.037              196.543               32.425                6.000 
  187             Thrain-II                 5.000               90.000               59.000               75.450              639.000                0.006              764.569                5.077                3.000 
  188             Thranduil                22.000              361.000               72.000               86.633              602.000                0.020              423.191               64.569               14.000 
  189                 Thror                 3.000               10.000                8.000               56.067              840.000                0.000              207.000                2.000                2.000 
  190                Tilion                 1.000               28.000               28.000               64.700              722.000                0.009                0.000                0.000                1.000 
  191          Tom-Bombadil                11.000              232.000               86.000               85.967              567.000                0.024               92.813                8.172                8.000 
  192         Peregrin-Took                21.000              356.000               75.000               90.483              551.000                0.030              132.659               25.823               12.000 
  193             Treebeard                 4.000               73.000               31.000               68.783              686.000                0.005                0.143                0.143                4.000 
  194                Tulkas                22.000              603.000               97.000               94.350              532.000                0.196                9.220                0.852               19.000 
  195                  Tuor                13.000              138.000               71.000               84.383              581.000                0.022              471.025               41.417                5.000 
  196                Turgon                21.000              221.000              102.000               95.350              520.000                0.028             1175.987              126.183                6.000 
  197                 Turin                16.000              116.000               43.000               77.417              657.000                0.006              480.358               63.617                5.000 
  198                 Uinen                 2.000               34.000               30.000               66.467              707.000                0.010                0.000                0.000                2.000 
  199                  Ulmo                30.000              678.000              113.000              101.600              501.000                0.207              496.393              102.242               19.000 
  200             Ungoliant                 2.000               39.000               39.000               69.750              674.000                0.009               39.956                1.000                2.000 
  201                 Urwen                 3.000               42.000               25.000               61.536              789.000                0.001                0.000                0.000                3.000 
  202                 Vaire                22.000              603.000               97.000               94.350              532.000                0.196                9.220                0.852               19.000 
  203              Valandil                 1.000               11.000               11.000               60.383              758.000                0.001                0.000                0.000                1.000 
  204                  Vana                24.000              616.000              100.000               96.183              523.000                0.198              122.601               19.021               19.000 
  205                 Varda                24.000              653.000              126.000              101.417              485.000                0.201              235.825               10.775               19.000 
  206               Voronwe                 4.000               47.000               26.000               66.433              713.000                0.003                0.000                0.000                4.000 
  207  Witch-King-of-Angmar                 6.000              142.000               76.000               81.367              588.000                0.016               38.259                4.286                5.000 
  208            Wormtongue                 9.000              200.000               74.000               81.950              594.000                0.016               24.288                1.732                8.000 
  209               Yavanna                24.000              622.000              101.000               96.683              518.000                0.199               67.488               15.605               19.000 


209 rows, 9 columns, 1 levels.


--------------------------------------
Running time: 00:00:01 seconds.
Output generated: 24 Jan 25 21:35:02
UCINET 6.800 Copyright (c) 2002-2023 Analytic Technologies